0.62415
-0.27724
-0.032796
-0.34509
0.16153
-0.99202
-1.8455
0.61238
0.46831
-0.96349
-0.50449
-0.82249
0.066062
0.69754
-0.13899
-0.97647
0.64854
1.1344
0.66171
-0.22246
-1.4192
0.44535
-0.57946
1.6928
0.87028
-1.8798
-1.1612
-1.2098
-0.33903
-0.25075
2.0523
-0.19326
1.6927
0.40991
-0.20886
1.6132
-0.68395
-0.16795
0.64587
0.63289
-0.49614
0.71991
1.828
-0.78296
-1.284
-0.4585
0.37045
-0.55639
0.7741
1.5511
0.75331
-0.71532
1.115
-0.62254
-1.1034
2.7989
-0.83616
0.31669
0.95729
-1.3285
-0.97355
-0.91682
-0.78958
-0.70903
-0.1363
0.68372
1.4165
1.6366
