-1.3004
0.85143
-2.7483
-0.062361
-0.90011
0.27367
0.02013
-1.2591
-1.7363
1.7566
2.7581
2.009
1.3036
0.64363
0.90484
0.047296
-2.1672
-2.0002
-0.29708
-0.57532
0.92595
-1.4912
-0.58595
3.0324
1.1722
1.7262
-0.15548
0.23355
-0.33839
-0.091143
-0.9904
0.082108
0.86373
0.044605
0.42338
-0.0027289
-0.28576
-0.13057
-0.13336
0.27023
-2.1695
0.95128
1.6042
0.76746
0.50765
0.12007
-0.60372
0.071607
-1.6304
0.67469
0.17927
-0.74754
-1.1483
0.59607
-1.3
2.5899
-0.81991
-1.2112
1.7951
0.74628
-1.1224
-0.77311
-1.5063
-0.26422
0.46303
1.245
-0.86143
-0.19954
0.011151
-1.3086
-0.64421
0.72624
0.8727
0.69428
-2.1268
-0.4556
-1.1078
-1.6288
-2.1413
-1.4592
-1.7872
1.7083
0.021381
1.1169
-1.1512
1.4904
0.37933
-2.1392
1.5264
1.6026
-0.50074
0.30016
0.29817
1.4003
-0.51293
0.16913
-2.5136
-1.7168
-0.88429
0.11384
0.32379
0.80171
-0.82281
0.5182
-0.25492
1.2951
-0.6286
0.23648
-0.015219
0.40584
0.69677
-0.38156
0.53288
0.39543
0.18472
2.1311
0.42015
-1.5353
1.2089
1.14
1.8179
1.0737
-0.54859
1.686
0.73022
-0.63162
0.47422
2.6718
-0.93598
1.4956
3.169
2.0166
-0.13054
-0.89554
0.44215
-1.0925
0.15456
0.25029
-1.0986
0.15613
-3.0096
-0.43708
-1.3077
-2.0234
-0.55433
0.36823
2.9921
0.73079
0.56808
0.88686
0.54129
0.34572
