0.19496
0.39555
0.0065356
0.95034
0.36914
0.78462
0.98396
0.20945
0.084042
0.080502
0.0063491
0.045875
0.19385
0.52055
0.36663
0.96232
0.031393
0.046828
0.76671
0.56572
0.35558
0.13747
0.55856
0.0027458
0.24249
0.08584
0.8766
0.81557
0.73542
0.92747
0.32317
0.93464
0.38877
0.96447
0.67247
0.99783
0.77535
0.89624
0.89404
0.78726
0.031214
0.3426
0.11024
0.44371
0.61225
0.90455
0.54671
0.94299
0.10459
0.50065
0.85791
0.45561
0.25221
0.5518
0.1951
0.010303
0.41324
0.22723
0.074147
0.45637
0.26305
0.44037
0.13356
0.79188
0.64384
0.21457
0.39003
0.84204
0.99111
0.19216
0.52017
0.46854
0.38387
0.48831
0.034656
0.64917
0.26929
0.10492
0.033452
0.14606
0.07541
0.08912
0.98296
0.26536
0.251
0.13768
0.70484
0.033625
0.12847
0.1106
0.6171
0.76437
0.76588
0.16297
0.60856
0.86586
0.012736
0.08756
0.37759
0.90948
0.74644
0.42367
0.41159
0.60489
0.79905
0.19678
0.53033
0.8133
0.98787
0.68529
0.48675
0.70319
0.5947
0.69294
0.85363
0.034299
0.67482
0.12629
0.22813
0.25563
0.07057
0.28423
0.58389
0.093355
0.4661
0.52835
0.63586
0.008164
0.35041
0.13633
0.0017683
0.045072
0.89627
0.37157
0.65886
0.27592
0.87732
0.80262
0.27327
0.87609
0.0029507
0.66253
0.19246
0.044359
0.57997
0.71309
0.0031173
0.46576
0.57061
0.37622
0.58891
0.72991
