0.38616
0.033164
0.032464
0.16487
0.28627
0.15565
0.27098
0.0014814
4.151e-05
0.14934
0.0055345
2.1078e-05
0.81016
0.11057
0.18535
0.60009
0.080435
0.365
0.62143
0.73622
0.058367
0.6889
0.58095
1.9029e-06
0.55377
0.029161
0.94042
0.62933
0.97136
0.38107
0.060778
0.98729
0.19121
0.0084182
0.29384
0.023707
0.17166
0.13862
0.008205
0.68436
0.019465
0.56482
0.61715
0.028646
0.33381
0.023873
0.021736
0.019506
0.00027764
0.072035
0.72467
0.78376
0.2689
0.15786
0.19285
2.2708e-05
0.45262
0.75673
0.0010907
0.043485
0.24549
0.56208
0.21818
0.82155
0.048865
0.0061672
0.25177
0.75895
0.48796
0.00046647
0.031296
0.24513
0.60573
0.31063
0.071253
0.55703
0.020213
0.57439
0.0010953
0.52844
0.0032845
0.066658
0.011114
0.25446
0.88548
0.019348
0.059881
0.43898
0.13858
0.0098364
0.15019
0.42302
0.57822
0.090385
0.12918
0.84935
0.013937
0.27242
0.35899
0.46172
0.62692
0.32979
0.50996
0.31752
0.68079
0.78647
0.18245
0.80613
0.91971
0.44368
0.07263
0.074523
0.36402
0.11383
0.0044388
0.00085173
0.042687
0.80186
0.0058958
0.015989
0.00023007
0.19216
0.024436
0.066064
0.10106
0.40456
0.76459
0.029619
0.38196
0.32578
0.0045286
0.0029933
0.011919
0.17047
0.0037339
0.72454
0.51037
0.0085964
0.17573
0.64591
0.0027729
0.30485
0.29666
0.073799
0.45904
0.29965
3.2259e-05
0.93894
0.48159
0.030135
0.52634
0.0098417
0.070478
0.91368
0.3238
0.2243
0.055435
0.027744
0.20029
0.0033753
0.001748
0.0058163
0.14012
0.52953
2.2808e-06
0.24199
0.10426
0.0018482
0.37345
0.091771
0.89561
0.65857
0.89749
0.040747
0.069608
0.046441
0.45997
0.12536
1.7997e-07
0.013299
0.0056582
0.12839
0.69387
0.21632
0.36758
0.02096
0.43933
0.015454
0.95071
0.66019
0.063767
0.41883
0.036273
0.23093
0.27487
0.33331
0.0021183
0.8041
0.14098
0.016738
0.70854
0.0144
0.020587
0.0083056
0.54182
0.17609
0.5492
0.13863
0.0008406
0.0025303
0.933
0.041102
0.071526
0.30163
0.01062
0.10783
0.0087833
7.6401e-05
0.086657
0.0032201
0.0049535
0.17546
0.69905
0.024026
0.22904
0.057128
0.019474
0.022154
0.021572
0.12769
0.20438
0.035407
0.5098
0.0022865
0.029872
0.0022476
0.65688
0.0014429
0.017375
0.010913
0.274
0.097299
0.34026
0.14859
0.35552
0.0065873
0.054252
0.20613
0.42212
0.25939
0.64559
0.95178
0.64913
0.28783
0.55763
0.98682
0.28453
0.30423
0.5731
0.034503
0.20069
0.65314
0.22538
0.147
0.56401
0.032559
0.97681
0.0023832
0.078686
0.0881
0.827
0.012715
0.17612
0.17449
0.26484
0.045782
0.036503
0.03683
0.32133
0.53321
0.67292
0.15355
0.85566
0.51692
0.064616
0.79441
0.17168
0.89287
0.0028966
0.14345
0.014978
0.0045331
0.016087
0.0077717
0.34077
0.05887
0.01814
0.89433
0.037638
0.021517
0.076984
0.26228
0.012682
0.26949
0.056219
0.4556
0.57519
0.45401
