-0.86849
2.1449
-2.1536
1.394
1.0692
1.4252
1.1038
-3.2227
-4.1915
1.4474
2.8045
4.3563
0.24053
1.6027
1.329
0.52511
-1.757
-0.90793
0.49458
0.33733
1.9038
-0.40093
0.55289
4.9075
0.59312
2.197
-0.074833
0.48342
-0.035942
-0.87786
-1.8857
-0.015945
1.3114
-2.6611
1.0525
-2.2792
-1.3718
-1.4869
-2.67
-0.40711
-2.3554
0.57665
0.50067
2.2042
-0.9688
-2.2764
-2.313
-2.3546
-3.7006
-1.8084
0.35271
-0.27479
-1.1087
1.4176
-1.3066
4.3384
-0.75252
-0.3102
3.314
2.0319
-1.1648
-0.58072
-1.2352
0.22585
1.9818
2.768
-1.1494
0.30727
0.69483
-3.5578
-2.1685
-1.1657
0.51699
1.0165
-1.8135
-0.58824
-2.341
-0.56251
-3.3128
-0.63148
-2.9754
1.844
2.5628
1.1429
0.14421
2.3577
1.8924
-0.77546
1.487
2.6064
-1.4444
0.80283
0.55689
1.7016
-1.5236
-0.19019
-2.4806
-1.1005
-0.9194
-0.73744
0.48682
-0.9769
-0.66007
-1.002
-0.41198
0.27126
-1.3379
-0.24575
0.10092
0.76751
1.8046
1.7927
0.9098
1.5881
2.8777
3.3864
2.0397
0.25127
2.7832
2.4297
3.7513
1.3086
-2.2673
1.848
1.6473
-0.83526
0.29987
2.1908
-0.8762
0.98505
2.8711
3.0051
2.5376
-1.3756
2.9341
-0.35289
0.65944
2.6538
-1.3588
0.46015
-3.0293
-1.0287
-1.0463
-1.7972
-0.74186
-1.0399
4.2533
-0.076699
0.70506
2.1838
0.6347
2.6062
1.8185
0.10854
-0.9891
1.2189
1.9266
2.217
1.2849
-2.9667
-3.1726
-2.7878
1.4812
0.62981
4.8676
1.1735
1.6319
3.1555
-0.89201
-1.6942
0.13138
-0.44255
0.129
-2.0594
-1.8242
-2.0037
-0.74032
1.5391
5.4079
2.4978
2.797
1.5268
-0.39417
-1.2403
-0.90305
-2.327
-0.77486
-2.4424
0.061891
-0.44031
-1.8641
-0.81012
-2.108
1.2016
1.0949
0.96979
3.1135
-0.24838
-1.478
-2.4126
0.37434
-2.4686
-2.3339
-2.6658
-0.61111
-1.3577
0.59997
1.4868
3.3902
3.0581
0.084181
2.0557
1.8117
1.0356
2.5791
1.6152
-2.6463
-4.0388
1.7217
2.9818
2.8415
1.3596
-0.38715
2.2739
1.2065
-1.9133
-2.3552
-2.3056
-2.3159
1.5296
1.2733
-2.118
0.66032
-3.0898
-2.1873
-3.0951
-0.44489
-3.2307
2.3985
2.5693
1.0969
1.6659
-0.95592
1.4501
-0.92607
2.7456
1.9361
-1.2684
-0.80439
1.131
-0.46059
-0.060544
-0.45565
-1.0657
-0.58735
-0.016538
-1.0731
1.03
0.56441
2.1286
-1.2838
0.45007
-1.2161
-1.4558
-0.57785
2.1524
0.029101
3.0769
1.7674
1.7138
0.21883
2.5142
1.3576
1.3627
1.1181
2.0099
2.1053
2.1016
0.99418
0.6242
-0.42276
1.4325
0.18214
0.64924
1.8581
-0.26093
1.3717
0.13484
3.0155
-1.4688
2.454
2.8708
2.4274
2.6889
0.95492
1.9
-2.3823
-0.133
-2.0926
-2.3169
-1.7776
1.1242
2.5151
1.1073
1.9204
0.74756
0.56134
0.7502
