0.75757
0.66341
0.91526
0.34132
0.29047
0.51437
0.093429
0.27387
0.32857
0.35946
0.44722
0.41207
0.47332
0.221
0.058994
0.86574
0.031844
0.19022
0.90967
0.15324
0.13345
0.74263
0.12727
0.83529
0.22167
0.83211
0.97585
0.048959
0.94049
0.17445
0.71097
0.7076
0.085045
0.47366
0.10103
0.43238
0.86494
0.36088
0.79414
0.14458
0.64286
0.58743
0.42424
0.71626
0.64163
0.63251
0.93319
0.54791
0.76366
0.044789
0.47107
0.15541
0.92402
0.5727
0.7914
0.37099
0.33534
0.92351
0.99792
0.76154
0.4165
0.058869
0.40102
0.63384
0.64321
0.41119
0.8419
0.71252
0.99034
0.81927
0.99719
0.92272
0.76059
0.8408
0.21592
0.76581
0.14039
0.55523
0.095807
0.71385
0.44832
0.75951
0.45231
0.84407
0.81449
0.80026
0.2917
0.69205
0.53685
0.12205
0.34721
0.37142
0.91346
0.084826
0.053333
0.97611
0.81808
0.11513
0.46007
0.69844
0.99944
0.92943
0.94551
0.58131
0.15409
0.7689
0.39757
0.117
0.062263
0.10144
0.1972
0.58894
0.48845
0.40509
0.27475
0.6121
0.6502
0.36561
0.73364
0.78687
0.44732
0.012964
0.25388
0.7154
0.83143
0.70902
0.75631
0.10505
0.38045
0.88155
0.42786
0.57056
0.17327
0.53828
0.49674
0.37731
0.27268
0.066444
0.65035
0.23815
0.47209
0.60634
0.10227
0.059211
0.19536
0.57432
0.70951
0.11403
0.67776
0.75039
0.34894
0.14794
0.19956
0.559
0.87656
0.081183
0.4231
0.35257
0.24701
0.68629
0.61774
0.61276
0.28604
0.12854
0.062707
0.03546
0.33435
0.16342
0.38962
0.39648
0.79981
0.38178
0.6346
0.55521
0.75264
0.3084
0.35943
0.65754
0.9128
0.29163
