-0.30921
-0.43604
-0.10658
-0.95445
-1.0607
-0.65354
1.6878
-1.098
-0.98004
-0.91908
-0.76197
0.82245
-0.71882
-1.2288
-1.9021
-0.16935
2.1657
-1.3156
0.11363
1.4351
1.5084
0.32896
1.5331
-0.20827
1.227
0.21236
-0.030316
1.9844
-0.074771
-1.3642
-0.37123
-0.37576
-1.7331
0.71827
-1.6496
-0.78716
0.17037
-0.91637
0.26139
1.4663
-0.4646
-0.54369
-0.80118
0.36411
0.46633
-0.47913
-0.083969
-0.60219
0.3012
2.0228
-0.72249
-1.4275
0.09553
0.56526
0.26495
-0.89719
0.96639
-0.096165
-0.0026147
0.30398
0.81467
1.903
0.84209
0.47726
-0.46411
0.824
-0.1998
0.36914
-0.012133
0.22887
0.003531
0.09716
-0.30523
-0.2012
1.2425
0.29838
1.4818
-0.59122
-1.6756
0.36736
0.76012
0.30666
-0.75344
-0.19701
0.23503
0.25344
-1.058
0.3968
0.61894
-1.5546
-0.94285
-0.89639
-0.10886
1.7343
-1.9469
0.02999
0.2304
-1.5843
-0.74055
-0.38813
-0.00070272
-0.088705
-0.068455
-0.55262
1.4321
0.29433
-0.84828
1.5762
1.8778
1.6476
-1.2951
0.54149
0.69441
0.83481
1.096
-0.50809
-0.45436
0.90736
-0.3409
-0.27084
-0.76181
2.5135
-1.1452
-0.36527
0.21322
-0.37385
-0.31087
-1.6302
0.87955
0.14925
0.79491
-0.56842
1.368
0.61676
0.68121
-0.88536
-1.1008
-1.8483
0.45415
-1.1841
0.72082
-0.51635
1.6435
-1.9004
1.3004
0.56287
-0.37319
-1.5892
-0.4163
-0.31869
0.93946
-1.454
1.2882
-0.58558
0.15559
1.7552
-0.80315
0.93239
1.162
0.40465
0.50006
0.50715
1.0705
1.528
-1.8746
2.1214
0.96837
1.4002
0.86269
0.85024
0.25403
0.87709
0.4762
-0.59124
0.31572
1.0219
-0.91914
-0.44416
-0.10969
1.0581
