1.2149
-0.82068
-0.8744
0.7425
0.38124
0.48488
1.0941
-0.6596
0.14506
-1.6604
-1.1073
-0.13616
-0.69272
-1.3557
-1.3345
-1.3466
2.3992
-1.4266
-0.19852
1.4058
1.3245
-0.034075
1.0096
-0.56654
1.1879
-0.30612
0.06152
1.6602
-0.42993
-1.2056
-0.78953
-0.49156
-1.897
0.28004
-1.8577
-0.81108
0.30386
-0.68388
0.44751
1.6509
-1.2331
-0.38576
-1.3403
-0.008528
0.18067
-0.93354
-0.06432
-0.3832
-0.080134
2.1339
0.58112
-0.28326
1.4306
-0.32802
0.09643
-1.4442
0.74232
-0.29381
-0.35337
-0.15715
0.28249
1.2715
0.63129
0.080848
0.00036843
0.55705
-0.19598
0.60909
0.47247
-1.0185
-0.026752
0.092785
-0.08738
-0.72632
1.4706
-0.09898
1.7281
-0.4379
-2.3637
0.09702
0.63742
0.4255
-0.21922
0.66176
0.93297
1.5485
-0.56268
0.057092
0.51658
-1.7643
-1.3726
-1.2281
0.79272
1.0316
-2.0643
0.5634
0.010946
-2.7656
-1.1227
-0.33101
-0.60449
-0.49107
-0.79248
-0.96411
0.34156
-0.38741
-1.0668
1.3646
0.84054
1.0193
-2.4814
-0.34151
-0.5128
0.48465
0.35514
-0.11186
0.10746
0.57258
0.19175
1.2704
-0.89616
2.2375
-2.0314
-0.54995
-0.45526
-1.0207
-0.85178
-1.8408
0.84065
0.14794
1.6974
-1.2445
1.6538
0.89213
0.63211
-0.78343
-1.2771
-1.9634
0.64884
-1.3735
0.57635
-0.88572
1.7176
-2.0009
1.8789
0.41594
-0.12655
-0.50028
0.54057
0.86854
2.0122
-1.8105
1.0504
-0.90092
0.28617
1.4655
-0.76076
0.94251
1.0837
0.10896
0.88423
0.35511
0.78287
1.2077
-1.6681
1.9458
0.17933
0.78733
0.88321
1.0151
0.46215
0.59041
0.23062
-0.76608
0.92499
0.84121
-1.0768
-1.0525
-0.249
0.92634
1.1972
-1.2852
-0.69469
0.46919
-0.23001
0.10723
-0.069752
-0.42376
0.15603
0.28866
-0.24062
-2.2578
-0.37038
-0.89536
-1.414
1.4951
0.92892
-1.0112
-0.21017
0.1515
-0.6245
-0.85632
-0.10379
-0.38787
1.0424
1.0424
-0.31094
0.044813
-1.3138
-1.2411
-1.1264
-1.9276
-0.55357
-1.9959
-1.7522
-0.39047
-1.1523
-0.81567
1.0424
-1.3305
0.060016
1.0424
0.41924
-0.44603
-0.39684
1.0424
-1.6207
0.2899
-1.7056
-0.45545
1.1716
-0.4615
1.4824
-0.53187
-1.7974
1.1153
0.23944
1.6853
-1.3353
-0.56623
-0.23551
-0.85261
0.65369
-0.2688
1.3138
0.87626
0.60595
0.022057
0.026638
1.0424
0.078435
-1.1985
-0.068068
-1.2128
0.92728
1.0424
-0.26673
0.97286
1.8321
-0.10915
-1.7168
-0.88766
-0.069911
0.67509
-0.59871
1.4417
-0.2399
0.88997
-1.9073
-1.1548
1.0424
1.0424
1.5669
1.9327
-0.64694
0.22033
0.51186
-1.8015
0.047099
-0.20417
-0.52253
-0.22534
-0.64515
0.19781
-0.87035
-0.51434
-1.8978
0.50885
-1.1212
0.85216
-0.37227
-2.0626
0.19292
-0.012048
-1.8582
-0.30719
0.41908
0.48976
0.26231
0.39532
-0.77266
0.65728
0.39745
0.32227
0.77951
1.2658
0.77377
-0.66386
-1.4279
-1.1271
1.3709
-1.277
0.060759
0.094343
-0.40613
-2.1559
0.25481
-0.26458
0.35668
-1.0226
-0.52989
-0.10544
-1.6669
1.3026
0.68935
-0.42482
0.093205
0.59525
-1.0281
0.48072
-0.74072
1.4595
-0.8567
-0.88937
-0.07204
0.53015
-1.256
1.3468
-0.059942
0.4056
-0.48585
-3.2312
1.3656
0.98579
0.51559
0.546
-0.52731
0.28062
-1.0053
0.69776
0.062347
1.064
-0.64899
-0.20575
0.79899
-0.015261
-0.092499
-0.24111
-0.53907
-0.6588
