0.22624
0.41307
0.38324
0.45889
0.70354
0.62844
0.27561
0.51048
0.88485
0.098839
0.26987
0.89187
0.48951
0.17714
0.18398
0.18006
0.017605
0.15569
0.8429
0.16175
0.18725
0.97286
0.31425
0.57183
0.23666
0.75992
0.95102
0.098865
0.66784
0.22977
0.43099
0.62372
0.05967
0.77981
0.065087
0.41855
0.76164
0.49506
0.65512
0.10077
0.21937
0.7002
0.18209
0.99321
0.85686
0.35198
0.9488
0.70209
0.93623
0.034407
0.562
0.77735
0.15452
0.74334
0.9233
0.15066
0.459
0.76929
0.72429
0.87533
0.77794
0.20542
0.52877
0.93567
0.99971
0.57829
0.84488
0.54335
0.63725
0.31002
0.97869
0.92619
0.93048
0.46872
0.14339
0.92128
0.085936
0.66206
0.019317
0.92283
0.52478
0.67105
0.82677
0.5091
0.35227
0.12352
0.57446
0.95454
0.60617
0.079626
0.17185
0.22126
0.42914
0.30386
0.040635
0.57397
0.99128
0.0063635
0.26329
0.74108
0.54639
0.62406
0.42928
0.33647
0.73314
0.69898
0.2877
0.17433
0.40188
0.30961
0.01414
0.73317
0.60882
0.6286
0.72296
0.91108
0.91456
0.56775
0.84819
0.20583
0.37154
0.026663
0.043902
0.58314
0.64955
0.30898
0.39564
0.067539
0.40182
0.88258
0.091608
0.21518
0.10016
0.37369
0.52823
0.43456
0.20346
0.051362
0.51739
0.17157
0.5652
0.37712
0.087838
0.047124
0.062118
0.67802
0.89946
0.61758
0.58957
0.38643
0.04591
0.072127
0.29514
0.36901
0.77513
0.14479
0.44794
0.34738
0.28015
0.91337
0.37792
0.72298
0.43488
0.22897
0.097288
0.053466
0.85791
0.43228
0.37847
0.31161
0.64462
0.55576
0.81791
0.44478
0.35639
0.40151
0.28321
0.29418
0.80369
0.35569
0.23302
0.20063
0.48828
0.63958
0.81838
0.91475
0.94448
0.67232
0.87621
0.77322
0.81017
0.025339
0.7116
0.37197
0.15935
0.13691
0.35435
0.31349
0.83381
0.87977
0.5332
0.39313
0.91747
0.69864
0.29881
0.29881
0.75626
0.96431
0.19085
0.21642
0.2617
0.055712
0.58066
0.047669
0.081694
0.69671
0.25093
0.41592
0.29881
0.18529
0.95222
0.29881
0.67561
0.65619
0.69202
0.29881
0.10709
0.77228
0.090054
0.64942
0.24312
0.64508
0.14024
0.59557
0.074192
0.26643
0.81107
0.093916
0.18371
0.57204
0.81412
0.39518
0.51427
0.78844
0.19084
0.38223
0.54542
0.98243
0.97878
0.29881
0.93758
0.23252
0.94582
0.22703
0.3552
0.29881
0.79002
0.33212
0.068833
0.91322
0.087993
0.37608
0.94435
0.50061
0.55023
0.15137
0.81072
0.37484
0.058314
0.24993
0.29881
0.29881
0.11916
0.055078
0.51861
0.8259
0.60947
0.073536
0.96249
0.83848
0.60204
0.82201
0.51977
0.84345
0.38544
0.60774
0.059557
0.61157
0.26392
0.39542
0.71019
0.040795
0.84727
0.9904
0.065016
0.7591
0.67573
0.62498
0.79343
0.69314
0.44088
0.51196
0.69157
0.74767
0.43685
0.20745
0.44023
0.50775
0.15531
0.2614
0.17237
0.20349
0.95163
0.92496
0.6852
0.032618
0.79921
0.79168
0.72181
0.30808
0.59693
0.91616
0.097524
0.19464
0.49162
0.67155
0.92586
0.55253
0.30547
0.63139
0.45997
0.14643
0.39292
0.37516
0.94266
0.59675
0.21098
0.17998
0.95228
0.68559
0.62775
0.001502
0.17401
0.32575
0.60687
0.58584
0.59872
0.77937
0.31632
0.48636
0.95037
0.28895
0.51729
0.83725
0.42551
0.98784
0.92642
0.80979
0.5906
0.51099
