0.53344
0.78196
0.97388
0.73049
0.87188
0.32271
0.066849
0.54117
0.64021
0.33678
0.61463
0.41204
0.94741
0.48649
0.88964
0.33033
0.51758
0.25835
0.50913
0.82424
0.15783
0.65668
0.56311
0.092486
0.38547
0.061987
0.24733
0.22818
0.73504
0.80233
0.041804
0.847
0.092488
0.68243
0.83483
0.10872
0.49501
0.86684
0.5193
0.52773
0.62049
0.47265
0.069451
0.43483
0.20102
0.64722
0.71154
0.57874
0.44004
0.1229
0.45239
0.47548
0.26657
0.53449
0.27156
0.0057716
0.40433
0.7519
0.33989
0.18594
0.33178
0.36065
0.43097
0.47936
0.89176
0.49516
0.1586
0.10372
