1.7164
2.0981
1.0185
1.2357
0.39683
0.29167
1.4699
2.2383
-1.1222
0.24416
0.81857
-0.89389
-0.10621
0.50629
-0.33917
0.31818
-0.69851
1.5605
-1.019
0.76021
1.7271
-0.94163
-0.33092
1.5551
-0.030513
0.7542
0.027536
0.24426
0.28325
-1.4786
0.30413
2.0264
-1.1069
0.94827
-0.76278
-0.86715
-2.4279
-0.72497
-0.63351
0.68577
2.1537
1.0237
-0.057626
-0.13108
0.035774
-0.92573
-1.1218
-0.099935
-0.15213
-0.85502
1.1049
0.36776
0.60101
0.57219
-1.654
-2.4373
1.9778
0.080432
1.2684
-0.5835
-0.22751
0.92866
1.3019
-1.1454
0.99209
-2.5755
0.4898
0.09228
0.84662
1.0639
-0.47713
1.2499
-0.39848
0.59787
0.63745
0.54386
1.0768
-1.0903
0.13959
2.1219
0.51413
0.48308
-1.1318
-1.6225
-0.95284
-1.1696
-1.6166
-0.73644
-1.4445
-0.43715
-0.58902
-0.29499
1.2536
1.1985
-1.2019
-1.1703
-1.4776
-0.54118
-1.1088
-2.4463
