0.088067
0.037494
0.31001
0.21843
0.69203
0.77092
0.14359
0.026611
0.26349
0.80743
0.41427
0.37275
0.91556
0.61336
0.73493
0.75077
0.48589
0.12065
0.30976
0.44827
0.086117
0.34783
0.74114
0.12193
0.9757
0.45186
0.97807
0.80735
0.77736
0.14126
0.76143
0.044417
0.27005
0.34445
0.44674
0.38719
0.016319
0.46955
0.52732
0.49387
0.032792
0.30753
0.95412
0.89588
0.97151
0.35601
0.26366
0.92052
0.87928
0.39385
0.27089
0.71355
0.5487
0.56801
0.10012
0.015912
0.049703
0.936
0.20654
0.56039
0.82032
0.35449
0.19486
0.25377
0.32268
0.010933
0.62496
0.92659
0.39849
0.289
0.63393
0.21319
0.69082
0.55079
0.52476
0.58731
0.2832
0.27723
0.88916
0.035419
0.60789
0.62971
0.25943
0.10671
0.34213
0.24393
0.10797
0.46256
0.15059
0.66261
0.55669
0.76839
0.21187
0.23255
0.23122
0.24364
0.14152
0.58915
0.26922
0.015537
