0.30579
0.20043
0.38594
0.80731
0.9792
0.93384
0.99544
0.65457
0.95529
0.35163
0.25323
0.71936
0.23268
0.16619
0.79345
0.59503
0.65011
0.53121
0.87571
0.047049
0.2294
0.1065
0.99704
0.95238
0.19291
0.63971
0.58987
0.19862
0.9107
0.68104
0.78898
0.70354
0.16956
0.46713
0.16416
0.37559
0.46185
0.69697
0.5767
0.35676
0.98378
0.69143
0.68069
0.066433
0.74186
0.70419
0.62373
0.34146
0.083776
0.78924
0.60188
0.78513
0.51662
0.89415
0.052945
0.75069
0.007009
0.47322
0.038447
0.48478
0.89588
0.82299
0.16845
0.75813
0.77094
0.73559
0.81959
0.38489
0.75812
0.42625
0.87846
0.43161
0.53057
0.57161
0.94985
0.43456
0.89795
0.72236
0.68192
0.65996
0.090178
0.49352
0.019983
0.96655
0.32874
0.33082
0.61829
0.15645
0.49096
0.67653
0.6638
0.066609
0.77767
0.65933
0.50579
0.29367
0.62965
0.64576
0.74105
0.1876
