0.26909
0.55557
0.20344
0.96666
0.87556
0.86999
0.65635
0.1427
0.99772
0.83799
0.37682
0.21343
0.59828
0.34617
0.76561
0.95114
0.73587
0.87026
0.33659
0.13977
0.82491
0.081245
0.9358
0.36119
0.71954
0.63238
0.91278
0.54353
0.51159
0.51179
0.96293
0.72036
0.080336
0.6222
0.37825
0.6196
0.043783
0.36078
0.95532
0.155
0.77561
0.775
0.96275
0.068501
0.59116
0.81004
0.55828
0.52213
0.33838
0.87528
0.41368
0.47633
0.73979
0.29667
0.10053
0.54376
0.0012488
0.68111
0.063482
0.8519
0.88279
0.42585
0.061078
0.83745
0.36228
0.82793
0.74925
0.78007
0.60227
0.56265
0.5307
0.27967
0.33216
0.57988
0.67172
0.42907
0.82256
0.75944
0.23342
0.92548
0.44402
0.13354
0.055703
0.82166
0.85425
0.40061
0.2679
0.31985
0.93186
0.26164
0.77791
0.058151
0.39427
0.43564
0.63826
0.017473
0.53486
0.92705
0.65766
0.035745
0.35389
0.46311
0.70917
0.85459
0.80259
0.95906
0.15499
0.40304
0.8556
0.57934
0.6705
0.3935
0.96321
0.25012
0.71541
0.22296
0.018682
0.98274
0.38447
0.6853
0.25606
0.34852
0.16183
0.93815
0.14027
0.058946
0.58867
0.059948
0.60414
0.74853
0.46516
0.08608
0.085934
0.56052
0.14019
0.90522
0.50084
0.81228
0.42565
0.67011
0.67127
0.29406
0.32192
0.3266
0.7178
0.82057
0.49252
0.57985
0.44816
0.28809
0.75577
0.70332
0.65745
0.98512
0.88471
0.88159
0.88512
0.32743
0.36362
0.1806
0.64936
0.08342
0.19842
0.39527
0.98082
0.28178
0.3344
0.62793
0.27303
0.43513
0.47785
0.79638
0.26439
0.57492
0.40951
0.86416
0.46142
0.32715
0.92534
0.72064
0.66175
0.19549
0.77502
0.18978
0.78844
0.58302
0.22857
0.074545
0.77819
0.81882
0.99419
0.55956
0.51524
0.82788
0.47655
0.033188
0.37154
0.69988
0.035206
0.47239
