1.0275
-1.2857
-0.86944
-0.24431
-0.026113
0.083148
0.0057216
0.44828
-0.056154
-0.93422
1.1467
-0.35997
-1.1981
-1.391
0.26228
-0.53265
0.45449
0.62755
0.15666
-2.0016
1.2066
1.6234
0.0037124
0.059814
1.3076
0.46901
0.54013
1.2909
-0.11234
-0.41181
-0.2681
0.38125
1.38
-0.72893
-1.3977
-0.88858
-0.73761
0.39013
0.55938
-0.92428
0.020363
-0.39765
0.4123
1.8483
-0.32998
-0.38036
0.49155
0.95418
1.7402
0.26775
-0.52276
-0.27311
-0.65003
0.13327
1.9501
-0.31829
2.7324
0.71898
2.0876
0.7003
-0.13109
-0.22408
-1.3836
-0.30847
-0.29164
0.3383
0.22845
-0.87136
0.30849
0.79769
-0.15317
-0.78848
-0.62852
0.56687
-0.063002
-0.78343
-0.12847
0.35595
0.4106
0.4408
1.705
0.68633
2.3507
-0.041999
0.9797
-0.97549
-0.49926
1.4239
-0.69041
0.41799
0.43549
1.8471
0.28285
0.44168
0.66694
-1.0536
-0.48316
0.46055
-0.33105
1.3235
