1.1091
-0.5907
-1.2771
0.041864
-0.15685
-0.16394
0.44581
1.4732
-0.0028667
0.2048
0.88629
-1.2493
-0.52795
-0.94488
0.29864
-0.061375
-0.33793
0.1636
-0.96387
-1.4842
0.2216
1.7548
0.080683
0.91577
0.35971
-0.47932
0.10971
0.60882
0.65786
0.65755
0.046546
-0.35862
1.7601
-0.49371
-0.88363
-0.4974
-2.0326
0.91656
-0.056116
-1.429
-0.28554
-0.28634
-0.046779
1.8343
-0.53826
-0.24078
0.58666
0.64151
0.96031
-0.15721
0.81961
-0.71394
-0.33272
-1.0471
1.652
0.60847
3.2872
0.41172
1.869
0.187
-0.14768
0.79839
-1.8865
-0.20549
-0.9137
0.21773
0.32019
-0.2797
0.52219
0.58015
-0.62833
-1.0848
-0.97278
0.55471
-0.42459
-0.79283
-0.22463
0.30675
1.1962
0.093679
0.76735
1.5081
1.9277
0.22579
0.184
-0.84283
-1.1119
0.99793
-0.085644
1.1266
0.28253
1.9085
-0.85425
0.78158
-0.47105
-2.402
-0.62197
0.091705
-0.44399
2.1181
-0.92983
0.73554
-0.37365
0.18356
0.25043
-0.051413
-1.429
-0.83847
0.18228
-0.5555
-0.42626
-0.85565
-0.046199
-1.1543
-0.36526
1.2235
2.3765
0.021664
-0.87213
0.406
-1.1399
0.94028
-1.4055
0.077722
1.4823
-1.9024
0.54188
-1.8949
-0.51951
0.32115
-0.73217
-1.7273
-1.7281
0.58331
1.4826
0.11926
0.67473
-0.23789
0.79874
0.4268
0.42521
-1.0528
-0.99366
-0.98406
0.36205
0.22719
0.68791
0.55475
0.7604
1.0659
0.31158
0.38153
-0.44428
0.018681
0.14523
-0.14919
-0.14471
-0.98236
-0.91113
1.3449
-0.45553
1.7423
1.2915
0.85244
0.024077
-1.08
-0.96827
0.4856
1.1
0.78244
0.71146
-0.25847
1.1201
-0.562
-0.82697
0.17137
-0.73832
-0.98294
-0.093865
-0.35825
-0.43834
-1.3
-0.28631
-1.3169
-0.26879
-0.55012
1.2088
1.7952
-0.28216
0.22945
0.0072892
0.58475
0.65219
0.21779
-0.71358
2.1487
-0.89616
-0.38619
-2.1244
-0.72033
